1.000000000000000000e+00 3.600000000000000000e+01 6.782828889309897935e-04
1.000000000000000000e+00 1.210000000000000000e+02 1.781847092347022313e-04
1.000000000000000000e+00 2.601000000000000000e+03 7.248456255303167026e-06
1.000000000000000000e+00 1.020100000000000000e+04 1.813080698527659304e-06
1.000000000000000000e+00 2.280100000000000000e+04 8.058932417118549885e-07
2.000000000000000000e+00 2.500000000000000000e+01 3.019080487149531158e-04
2.000000000000000000e+00 1.210000000000000000e+02 1.340702159471540647e-05
2.000000000000000000e+00 2.601000000000000000e+03 4.282942820231256546e-08
2.000000000000000000e+00 1.020100000000000000e+04 3.645291180981583197e-09
2.000000000000000000e+00 2.280100000000000000e+04 8.676908158984241695e-10
3.000000000000000000e+00 1.600000000000000000e+01 8.261987201008046079e-04
3.000000000000000000e+00 1.000000000000000000e+02 7.887122068063040696e-06
3.000000000000000000e+00 2.401000000000000000e+03 8.738046066744824777e-09
3.000000000000000000e+00 1.000000000000000000e+04 4.770303369089624536e-10
3.000000000000000000e+00 2.280100000000000000e+04 9.020623434222086749e-11
