2.202783299486920088e-01
1.831033658082327487e-01
1.656880415321896061e-01
1.601053447154365261e-01
1.579734225556061467e-01
1.625568885061281221e-01
1.724522381119003578e-01
1.942231620498413303e-01
2.391862148385184850e-01
2.891730422520121246e-01
2.459647275926746257e-01
2.383533197031755535e-01
2.565364531372859025e-01
2.915634827662494377e-01
3.403729356915971005e-01
4.098586167402016311e-01
5.116691921686640221e-01
6.687974093290446342e-01
7.737023506911926418e-01
9.025763045230114079e-01
9.967878268360464977e-01
7.333249254732987499e-01
-4.673672451947590289e+00
-5.087587974711381911e+00
-3.951049580536697636e+00
-2.977322957807068349e+00
-2.463841468459551987e+00
-2.129468772251911446e+00
-1.714519114174084313e+00
-1.446750445687257303e+00
-1.244432847058745129e+00
-1.091386301118440816e+00
-9.751433551238851694e-01
-8.798006383618798276e-01
-8.266668098961725830e-01
-7.817966160653087027e-01
-6.041585227715141615e-01
-4.828385177522814264e-01
-4.037681442342246907e-01
-3.333910217653788810e-01
-2.683812710805221213e-01
-1.986916128625666744e-01
-1.270178322541125893e-01
-4.148677209532329602e-02
5.687081644771790900e-02
