2.212745471511355921e-01
1.765564199471300055e-01
1.663490583901513498e-01
1.569275413158503496e-01
1.601402394418925124e-01
1.700974616928807581e-01
1.775240761250120591e-01
1.887568973497062985e-01
2.265971523975936208e-01
2.694340197616272858e-01
2.415248853095108283e-01
2.341332478470229683e-01
2.491264149251403992e-01
2.833417087766341713e-01
3.321556799934354820e-01
4.027779357739212363e-01
5.091102850936154445e-01
6.552567739646013578e-01
7.636974137854171119e-01
8.944812753940556416e-01
9.977211395078199319e-01
7.594792507622258881e-01
-4.628241223905747326e+00
-5.046641540471530796e+00
-3.923202251434419363e+00
-2.947175545448568190e+00
-2.442391041927217010e+00
-2.111518358178603449e+00
-1.707081108034564476e+00
-1.443057133545463389e+00
-1.237243832559842494e+00
-1.099771175557331615e+00
-9.582494766994240631e-01
-8.699731243044367401e-01
-8.085223899186613217e-01
-7.605907854698564785e-01
-5.944886676035393558e-01
-4.844607979038157430e-01
-4.038007357252411111e-01
-3.365947590526603417e-01
-2.674058051687269177e-01
-1.982147715620468653e-01
-1.269567879854940351e-01
-4.822020091341631953e-02
4.609976303548776050e-02
