2.198890236938983445e-01
1.840108747874808770e-01
1.679091636579284341e-01
1.610659186665511500e-01
1.604941685734104506e-01
1.650138182391934216e-01
1.745567609011759169e-01
1.940522248470358535e-01
2.394072760870391003e-01
2.931438645120696407e-01
2.488684692228089468e-01
2.405235347747785024e-01
2.582429833981197964e-01
2.955709249402032612e-01
3.464466555084236288e-01
4.142406349558909184e-01
5.168909560198434727e-01
6.757118657909796378e-01
7.811522539918788199e-01
9.090099910551383555e-01
9.947601895981015296e-01
7.084653171839105923e-01
-4.922318865918014374e+00
-5.216380339763244223e+00
-4.009295703147039980e+00
-3.013070719661954389e+00
-2.500995865766212134e+00
-2.154976893254582748e+00
-1.724096626136875532e+00
-1.455806476326946264e+00
-1.250925585759375736e+00
-1.095543930927990406e+00
-9.710910581072589309e-01
-8.818371883639385400e-01
-8.253565198174168671e-01
-7.844220106073778176e-01
-6.000213235140170465e-01
-4.825429684699693578e-01
-4.010386993479074236e-01
-3.307831577815039670e-01
-2.656416045837588502e-01
-1.963012331586642401e-01
-1.252976093168250982e-01
-4.523140367928407679e-02
6.004613809234678190e-02
