1.604270649899528223e-01
1.130470013504798893e-01
9.644511777047830303e-02
8.675891577609734506e-02
8.821066515768298533e-02
9.645746864898928352e-02
1.001968467341822627e-01
9.871203718983105613e-02
1.044737559228895996e-01
1.271746790664757543e-01
1.279347300198308002e-01
1.358985288381909240e-01
1.506271659256057938e-01
1.804211224009585612e-01
2.233363379498622681e-01
2.720190159352366410e-01
3.673443291838205393e-01
5.146479331737111584e-01
6.223489922820506504e-01
7.712918125397049129e-01
9.694184840062275432e-01
9.515754969882170844e-01
-2.706100599498178827e+00
-3.778721914799787918e+00
-3.006446371192976752e+00
-2.327836771918462944e+00
-1.971424343142760272e+00
-1.715605128920072220e+00
-1.381141331028262753e+00
-1.183525163830462468e+00
-1.016817942127724583e+00
-8.875080575947970063e-01
-7.801743318285473405e-01
-6.892628301539670543e-01
-5.985825418544161725e-01
-5.301953677252725372e-01
-4.591866321204818857e-01
-3.965961725219599998e-01
-3.277284208142245969e-01
-2.548338828217427965e-01
-1.868529339747978801e-01
-1.134117670007168677e-01
-4.260981828691292467e-02
3.653827583890215808e-02
1.360340935727881451e-01
