2.180313872272928166e-01
1.819584912898196960e-01
1.692432662767195950e-01
1.624876240202856037e-01
1.613176300336748858e-01
1.647573754601690532e-01
1.751259606287908499e-01
1.937624870895289786e-01
2.366156384838170867e-01
2.910052745147642117e-01
2.452255252249233297e-01
2.353291040151748170e-01
2.562129430234860172e-01
2.861555816552117659e-01
3.418967263685445124e-01
4.117648977856562253e-01
5.129009154646918534e-01
6.695892697894411105e-01
7.762759306435388362e-01
9.036735035967276009e-01
9.963049738122063959e-01
7.264554658167575729e-01
-4.719709116832575546e+00
-5.160110938178238627e+00
-3.988870747018276486e+00
-2.987780513159985940e+00
-2.467956065306460722e+00
-2.139106334128295206e+00
-1.721247772094637529e+00
-1.457920440201796008e+00
-1.252377401619590991e+00
-1.097858118105355052e+00
-9.749247231668093372e-01
-8.808923503034036262e-01
-8.326791847842722749e-01
-7.859586209364786136e-01
-6.069614017021625063e-01
-4.820223800829169236e-01
-4.031418153568416263e-01
-3.283347035241373502e-01
-2.663924375696177793e-01
-2.031392263495459538e-01
-1.297459353851799779e-01
-4.825063656187244393e-02
5.490554790629888909e-02
