-1.727939999999999898e+01 -2.358148947993663480e+00
-1.622960000000000136e+01 -2.229668049945584762e+00
-1.586159999999999926e+01 -2.112668508209058604e+00
-1.517130000000000045e+01 -2.002844121027220314e+00
-1.431329999999999991e+01 -1.900770826171393368e+00
-1.328110000000000035e+01 -1.740553014241633001e+00
-1.225350000000000072e+01 -1.605529704991009776e+00
-1.122220000000000084e+01 -1.463022436936214810e+00
-1.019469999999999921e+01 -1.315903351068979266e+00
-8.141379999999999839e+00 -1.036532500872688667e+00
-6.255790000000000184e+00 -7.919709916989163823e-01
-5.228220000000000312e+00 -6.598245915120997118e-01
-4.199720000000000120e+00 -5.283468737288747885e-01
-1.969440000000000079e+00 -2.469522314960137244e-01
0.000000000000000000e+00 -4.339014832970322403e-07
9.400060000000000082e-01 1.178121807701054818e-01
1.969440000000000079e+00 2.469030014815913887e-01
2.995150000000000201e+00 3.758276808167018701e-01
3.851309999999999789e+00 4.842666139835811734e-01
4.878879999999999661e+00 6.150419272656477698e-01
5.908310000000000173e+00 7.465032494462395807e-01
7.963460000000000427e+00 1.011172822836542640e+00
1.018909999999999982e+01 1.315679529802718184e+00
1.104710000000000036e+01 1.425605038922665102e+00
1.310880000000000045e+01 1.714309025388835783e+00
1.637590000000000146e+01 2.169419667565937626e+00
1.656779999999999831e+01 2.217275223105757309e+00
1.729710000000000036e+01 2.314842940255945170e+00
