-1.727939999999999898e+01 -1.938096981372613881e+00
-1.622960000000000136e+01 -1.758491683360210889e+00
-1.586159999999999926e+01 -1.828745416741230922e+00
-1.517130000000000045e+01 -1.732951467687108726e+00
-1.431329999999999991e+01 -1.614964214291459976e+00
-1.328110000000000035e+01 -1.457738205259657027e+00
-1.225350000000000072e+01 -1.317395164413565078e+00
-1.122220000000000084e+01 -1.240721824386155303e+00
-1.019469999999999921e+01 -1.110404406826886126e+00
-8.141379999999999839e+00 -8.802253114144776847e-01
-6.255790000000000184e+00 -6.738993421350043533e-01
-5.228220000000000312e+00 -5.629355210995106162e-01
-4.199720000000000120e+00 -4.517088011273031611e-01
-1.969440000000000079e+00 -2.112627838076833742e-01
0.000000000000000000e+00 -1.593917442305701863e-03
9.400060000000000082e-01 9.998573704859306521e-02
1.969440000000000079e+00 2.112597120807055140e-01
2.995150000000000201e+00 3.195737204069919457e-01
3.851309999999999789e+00 4.146202905165906061e-01
4.878879999999999661e+00 5.259067933265342276e-01
5.908310000000000173e+00 6.400346669470693417e-01
7.963460000000000427e+00 8.721127640799053449e-01
1.018909999999999982e+01 1.120869368924275022e+00
1.104710000000000036e+01 1.231208836163077303e+00
1.310880000000000045e+01 1.451099534576800965e+00
1.637590000000000146e+01 1.864214784883418963e+00
1.656779999999999831e+01 1.878929256004802539e+00
1.729710000000000036e+01 2.036618684272462509e+00
