-1.727939999999999898e+01 -2.014752283523098875e+00
-1.622960000000000136e+01 -1.970764004064351038e+00
-1.586159999999999926e+01 -1.770940106312573814e+00
-1.517130000000000045e+01 -1.666795802235216062e+00
-1.431329999999999991e+01 -1.625875796284689700e+00
-1.328110000000000035e+01 -1.467901608519775802e+00
-1.225350000000000072e+01 -1.379042032212374203e+00
-1.122220000000000084e+01 -1.272732612796315887e+00
-1.019469999999999921e+01 -1.125224067433536534e+00
-8.141379999999999839e+00 -8.667858687068717982e-01
-6.255790000000000184e+00 -6.741034269349839292e-01
-5.228220000000000312e+00 -5.605706705513275878e-01
-4.199720000000000120e+00 -4.446434216875235768e-01
-1.969440000000000079e+00 -2.088688988225133047e-01
0.000000000000000000e+00 -1.437861613173782322e-07
9.400060000000000082e-01 9.969843279301666972e-02
1.969440000000000079e+00 2.088755296267092998e-01
2.995150000000000201e+00 3.138592063506589480e-01
3.851309999999999789e+00 4.093717623057841482e-01
4.878879999999999661e+00 5.224053733700820823e-01
5.908310000000000173e+00 6.256202566801755127e-01
7.963460000000000427e+00 8.315959850347253157e-01
1.018909999999999982e+01 1.128911199533476406e+00
1.104710000000000036e+01 1.190307878827413290e+00
1.310880000000000045e+01 1.443828568263971546e+00
1.637590000000000146e+01 1.802567128940753882e+00
1.656779999999999831e+01 1.856170933984297333e+00
1.729710000000000036e+01 1.927089284795367563e+00
