-1.727939999999999898e+01 -1.253230000000000066e+00
-1.622960000000000136e+01 -1.347040000000000015e+00
-1.586159999999999926e+01 -1.544159999999999977e+00
-1.517130000000000045e+01 -1.518049999999999899e+00
-1.431329999999999991e+01 -1.440379999999999994e+00
-1.328110000000000035e+01 -1.371199999999999974e+00
-1.225350000000000072e+01 -1.259120000000000017e+00
-1.122220000000000084e+01 -1.181349999999999900e+00
-1.019469999999999921e+01 -1.069269999999999943e+00
-8.141379999999999839e+00 -8.279579999999999718e-01
-6.255790000000000184e+00 -6.382069999999999688e-01
-5.228220000000000312e+00 -5.261280000000000401e-01
-4.199720000000000120e+00 -4.226269999999999749e-01
-1.969440000000000079e+00 -2.155330000000000024e-01
0.000000000000000000e+00 0.000000000000000000e+00
9.400060000000000082e-01 1.206109999999999960e-01
1.969440000000000079e+00 2.155330000000000024e-01
2.995150000000000201e+00 3.447700000000000209e-01
3.851309999999999789e+00 4.395990000000000175e-01
4.878879999999999661e+00 5.516780000000000017e-01
5.908310000000000173e+00 6.465999999999999526e-01
7.963460000000000427e+00 8.707580000000000320e-01
1.018909999999999982e+01 1.120740000000000069e+00
1.104710000000000036e+01 1.198420000000000041e+00
1.310880000000000045e+01 1.362519999999999953e+00
1.637590000000000146e+01 1.595909999999999940e+00
1.656779999999999831e+01 1.424430000000000085e+00
1.729710000000000036e+01 1.090240000000000098e+00
