-1.727939999999999898e+01 -2.318561755175277295e+00
-1.622960000000000136e+01 -2.184119299927754554e+00
-1.586159999999999926e+01 -2.066595105174388713e+00
-1.517130000000000045e+01 -1.968067429778240340e+00
-1.431329999999999991e+01 -1.847589038632841962e+00
-1.328110000000000035e+01 -1.719229341448001769e+00
-1.225350000000000072e+01 -1.584639525433589213e+00
-1.122220000000000084e+01 -1.423522708822187788e+00
-1.019469999999999921e+01 -1.288568084536504399e+00
-8.141379999999999839e+00 -1.018114121725814281e+00
-6.255790000000000184e+00 -7.752673940759651217e-01
-5.228220000000000312e+00 -6.452577439779834112e-01
-4.199720000000000120e+00 -5.174743276482183241e-01
-1.969440000000000079e+00 -2.416718824915196073e-01
0.000000000000000000e+00 -1.822478755452921996e-03
9.400060000000000082e-01 1.143572523826037746e-01
1.969440000000000079e+00 2.415009402315585751e-01
2.995150000000000201e+00 3.658515877975075381e-01
3.851309999999999789e+00 4.734502230778617204e-01
4.878879999999999661e+00 6.014584022272299046e-01
5.908310000000000173e+00 7.301166713212685622e-01
7.963460000000000427e+00 9.899524020926470103e-01
1.018909999999999982e+01 1.282236408432467556e+00
1.104710000000000036e+01 1.393336242396614688e+00
1.310880000000000045e+01 1.687251898903714631e+00
1.637590000000000146e+01 2.156061093182492616e+00
1.656779999999999831e+01 2.188172373248881364e+00
1.729710000000000036e+01 2.271416925816312382e+00
