-1.727939999999999898e+01 -1.662417342471463000e+00
-1.622960000000000136e+01 -1.778519994069455601e+00
-1.586159999999999926e+01 -1.752467471009896194e+00
-1.517130000000000045e+01 -1.612567909492620855e+00
-1.431329999999999991e+01 -1.607628287239896148e+00
-1.328110000000000035e+01 -1.370807744074030277e+00
-1.225350000000000072e+01 -1.353386729375772868e+00
-1.122220000000000084e+01 -1.230664176787366948e+00
-1.019469999999999921e+01 -1.101661998364235062e+00
-8.141379999999999839e+00 -8.724681372375683308e-01
-6.255790000000000184e+00 -6.708206702778911623e-01
-5.228220000000000312e+00 -5.507995144135066079e-01
-4.199720000000000120e+00 -4.484860569489727555e-01
-1.969440000000000079e+00 -2.090576418412972703e-01
0.000000000000000000e+00 -1.263074828480335851e-05
9.400060000000000082e-01 9.984637951286365332e-02
1.969440000000000079e+00 2.098095891981466010e-01
2.995150000000000201e+00 3.197489316504558143e-01
3.851309999999999789e+00 4.124606653104297416e-01
4.878879999999999661e+00 5.215546558438863833e-01
5.908310000000000173e+00 6.358778699063503126e-01
7.963460000000000427e+00 8.597271204867595884e-01
1.018909999999999982e+01 1.108313309106704114e+00
1.104710000000000036e+01 1.183142004305313355e+00
1.310880000000000045e+01 1.456740154874568649e+00
1.637590000000000146e+01 1.868481558682030919e+00
1.656779999999999831e+01 1.858154907019855306e+00
1.729710000000000036e+01 1.785122789246013308e+00
